# Import data and convert it to a dataframe for analysis 
data <- c(
  1, 1, 0.4, 2.0, 23.0, 31.3,
  2, 1, 1.0, 5.7, 19.1, 21.9,
  3, 1, 0.6, 7.4, 9.9, 25.9,
  4, 1, 4.7, 11.3, 18.0, 11.7,
  5, 1, 2.6, 5.9, 13.6, 23.7,
  6, 1, 1.6, 4.0, 19.9, 24.4,
  7, 1, 3.3, 5.7, 11.4, 15.4,
  8, 1, 4.4, 4.7, 19.6, 13.3,
  9, 1, 0.0, 10.1, 20.3, 12.4,
  10, 1, 2.6, 10.9, 8.0, 13.7,
  11, 1, 0.3, 3.3, 9.7, 13.6,
  12, 1, 3.0, 9.3, 6.7, 13.4,
  13, 1, 2.7, 3.9, 12.0, 12.0,
  14, 2, 5.0, 9.3, 31.9, 21.7,
  15, 2, 5.1, 15.6, 23.6, 43.9,
  16, 2, 1.0, 4.9, 18.3, 23.0,
  17, 2, 16.6, 35.1, 31.7, 30.1,
  18, 2, 15.1, 22.0, 28.7, 32.3,
  19, 2, 0.0, 0.0, 2.4, 0.0,
  20, 2, 0.3, 1.4, 9.1, 10.6,
  21, 2, 1.3, 8.1, 13.3, 22.3,
  22, 2, 11.6, 23.9, 16.9, 15.9,
  23, 2, 7.1, 32.1, 27.0, 21.9,
  24, 2, 12.7, 22.0, 18.6, 20.0,
  25, 2, 2.6, 11.9, 25.7, 21.3,
  26, 2, 20.7, 21.4, 19.7, 34.1
)

data_matrix <- matrix(data, ncol = 6, byrow = TRUE)
data<- as_tibble(data_matrix, .name_repair = "minimal")

colnames(data) <- c("ID", "Tx", "Day0", "Day1", "Day2", "Day3")
